l1=35;
l2=155;
l3=165;
a1=35;
l4=52.5;
z1=600;
